Testcase1:
BubbleSort: 0.0000324680s
CountSort: 0.0000162520s
MergeSort: 0.0000301970s

Testcase2:
BubbleSort: 0.0642754980s
CountSort: 0.0019628950s
MergeSort: 0.0024199330s

Testcase3:
BubbleSort: 0.0000228160s
CountSort: 0.0238013700s
MergeSort: 0.0000301580s

